Allreduce = [0.6432916666666666, 0.8111666666666667, 1.0041666666666667, 1.0508333333333333, 1.0896666666666666, 1.1108333333333333, 0.9760416666666667, 1.1241666666666668, 1.0913333333333333, 1.0385833333333334]
Sendrecv = [0.9771666666666666, 1.0654166666666665, 1.269875, 1.4645, 1.59425, 1.743, 1.875375, 2.11625, 2.09625, 2.255]
IO_ = [11.510212374999998, 20.526123866666662, 13.420734499999996, 13.907940083333337, 10.14402844166667, 15.967959775, 13.373679149999996, 12.964085166666667, 12.840450124999998, 10.159711433333335]
