Allreduce = [2.29e-05, 0.29256509999999997, 1.4865, 1.3343699999999998, 0.9561040000000001, 0.7579725, 0.9645714285714285, 1.198875, 0.7373999999999999, 1.1396, 0.7929727272727274, 0.9468]
Sendrecv = [0.0, 1.0365, 1.982, 1.054, 1.5176, 0.9241666666666667, 1.2045, 1.1003999999999998, 1.1131333333333333, 1.42877, 1.6693727272727275, 1.4596]
IO_ = [27.668537, 14.1352474, 13.190148666666666, 9.19943025, 12.51660854, 12.347942016666662, 10.894484242857143, 11.711320275000002, 11.935491555555558, 12.521248200000002, 11.04275809090909, 11.982606933333324]
