Allreduce = [4.306666666666667, 2.3145499999999997, 1.6711, 1.18455, 0.9468, 0.7954333333333334, 0.7036679999999998, 0.7672583333333334, 0.88578, 0.9469541666666665]
Sendrecv = [1.9165333333333334, 1.5428916666666663, 1.4591, 1.3581000000000003, 1.4596, 1.562983333333333, 1.7208333333333334, 1.911, 2.995416666666667, 3.3366666666666664]
IO_ = [17.997400575, 10.257974333333337, 12.01795665, 19.765427241666664, 11.982606933333324, 10.104087283333332, 10.285497816666672, 12.495476958333331, 10.377523324999997, 12.494577]
