Allreduce = [0.289929, 0.9092000000000001, 1.4310729, 0.7528, 0.8338333333333333, 0.8390714285714286, 1.1045999999999998, 0.9721333333333334, 1.1239199999999998, 0.8722636363636364, 1.2500666666666667]
Sendrecv = [1.6125, 1.827, 1.018, 1.4968, 1.2785, 1.2650714285714286, 1.1783249999999998, 1.3155333333333334, 1.38663, 1.6268636363636364, 1.5140666666666671]
IO_ = [13.736587649999999, 11.990238999999999, 13.140714575000002, 9.78128616, 8.740652500000001, 11.722450285714286, 10.07759325, 11.817990444444444, 10.520375500000002, 10.749747999999999, 7.161848166666668]
